1
2
3
4
6
8
9
10
11
12
13
14
16
17
18
19
21
22
25
26
27
30
31
32
33
35
36
37
38
39
40
41
42
43
46
47
49
51
52
53
54
56
57
58
59
60
61
62
63
65
66
67
69
70
71
72
73
74
76
77
78
79
82
83
84
85
87
88
89
90
91
92
94
95
97
98
99
100
101
102
103
105
106
107
108
109
110
115
118
119
120
125
126
127
129
130
131
132
133
136
138
140
141
143
145
146
147
148
149
150
151
153
156
157
158
159
162
163
165
166
167
168
169
170
171
175
176
178
179
180
181
182
184
185
187
188
189
190
192
193
195
197
198
199
201
202
203
204
205
206
207
208
209
211
212
213
215
216
218
219
222
223
224
225
226
228
229
230
232
233
235
236
237
238
239
240
241
242
243
244
245
249
250
252
254
255
256
257
259
262
263
264
265
266
267
268
269
271
272
273
274
275
277
279
280
281
282
284
285
286
288
289
291
292
293
294
295
296
297
298
299
300
302
303
304
306
307
308
309
310
311
312
314
317
318
320
323
324
325
326
327
328
330
331
332
333
334
335
337
339
340
341
344
345
346
347
348
349
350
351
353
354
355
356
358
360
361
363
364
365
366
367
368
369
371
372
373
374
375
376
377
378
379
382
384
385
387
388
390
391
392
393
394
396
398
399
400
401
402
403
404
406
407
408
409
412
414
415
417
418
419
420
422
424
425
426
427
428
430
432
433
434
437
438
441
442
443
444
448
449
450
451
454
455
456
457
458
459
460
461
462
463
464
466
467
471
473
474
475
476
478
479
480
481
482
483
485
486
487
489
490
491
492
493
496
497
498
500
501
503
504
506
508
510
511
512
513
514
515
516
517
518
519
520
521
522
523
524
526
527
528
529
530
531
532
533
534
536
537
539
540
542
543
544
545
546
547
550
551
554
555
557
558
559
560
561
562
565
566
567
568
569
571
573
574
575
578
579
581
583
584
586
589
592
593
594
596
597
599
601
603
605
606
607
608
610
611
612
613
614
615
618
619
620
621
622
623
625
626
627
628
630
633
634
636
637
638
640
644
645
646
647
648
649
650
651
653
654
659
660
663
664
666
667
668
669
670
671
672
673
674
676
677
678
679
682
683
684
685
687
688
689
690
691
692
693
694
696
697
698
699
700
702
703
705
706
707
708
710
712
714
715
716
719
720
721
722
723
724
726
727
729
731
732
733
734
738
741
743
744
745
746
747
748
749
750
751
752
753
754
755
756
757
758
759
760
762
763
764
765
766
767
768
769
770
771
773
774
776
778
779
780
781
783
784
785
786
787
788
789
790
791
793
795
796
798
799
801
802
803
804
805
807
808
809
811
813
815
816
817
818
819
820
821
823
824
825
826
827
828
829
831
833
835
837
839
841
842
843
846
848
849
850
851
852
854
855
856
857
858
859
860
862
863
864
866
867
868
869
870
871
872
875
880
881
884
885
886
887
889
890
893
895
898
900
901
903
904
905
906
907
909
910
911
912
914
915
916
917
918
919
920
922
924
925
926
927
928
929
930
932
933
934
935
936
937
938
939
940
941
943
945
946
947
948
949
950
951
954
956
957
958
959
960
961
962
964
965
966
967
968
969
970
971
972
973
975
977
978
979
980
981
982
983
984
985
986
987
988
989
992
993
994
995
996
998
999
1000
1001
1002
1003
1004
1005
1006
1007
1009
1010
1011
1012
1014
1015
1016
1017
1018
1020
1021
1023
1024
1025
1026
1027
1028
1029
1033
1034
1035
1036
1037
1038
1041
1042
1044
1045
1046
1047
1049
1050
1051
1052
1053
1054
1055
1056
1057
1058
1059
1060
1061
1062
1063
1064
1065
1066
1067
1068
1070
1071
1072
1073
1076
1078
1080
1083
1085
1087
1089
1090
1092
1093
1095
1096
1097
1098
1099
1101
1102
1104
1106
1107
1108
1109
1110
1111
1112
1113
1114
1115
1116
1117
1118
1121
1122
1123
1125
1126
1127
1128
1129
1130
1132
1134
1136
1137
1138
1139
1140
1141
1143
1144
1145
1147
1148
1150
1151
1152
1153
1155
1156
1159
1160
1161
1162
1163
1164
1165
1168
1169
1171
1172
1173
1174
1176
1179
1181
1183
1184
1185
1186
1187
1188
1191
1192
1193
1194
1195
1196
1197
1198
1201
1203
1204
1205
1206
1207
1208
1209
1210
1211
1212
1214
1216
1217
1218
1219
1220
1222
1224
1225
1226
1227
1228
1229
1230
1231
1232
1233
1234
1235
1236
1237
1238
1240
1242
1243
1244
1245
1246
1247
1248
1249
1250
1251
1252
1255
1257
1258
1260
1262
1263
1265
1266
1267
1270
1271
1272
1273
1274
1275
1276
1277
1278
1279
1280
1281
1282
1283
1284
1286
1288
1289
1292
1293
1295
1296
1297
1300
1302
1303
1304
1305
1306
1307
1308
1309
1310
1311
1312
1314
1315
1316
1317
1318
1319
1322
1324
1325
1326
1327
1328
1329
1330
1331
1332
1333
1336
1337
1338
1339
1340
1341
1343
1344
1345
1346
1347
1348
1349
1350
1351
1352
1353
1355
1357
1359
1360
1361
1362
1363
1364
1366
1367
1369
1370
1371
1372
1373
1374
1376
1377
1378
1379
1380
1381
1382
1383
1384
1386
1387
1389
1390
1391
1393
1394
1398
1399
1400
1401
1402
1403
1404
1405
1406
1407
1408
1409
1410
1411
1413
1414
1416
1417
1419
1420
1421
1422
1425
1427
1428
1429
1430
1431
1433
1434
1436
1438
1439
1442
1444
1445
1447
1449
1450
1451
1453
1454
1456
1457
1459
1460
1461
1463
1464
1465
1466
1467
1468
1469
1470
1471
1474
1475
1476
1477
1478
1479
1481
1483
1484
1486
1487
1488
1489
1490
1491
1492
1493
1494
1496
1497
1498
1499
1500
1501
1504
1505
1506
1507
1508
1509
1510
1511
1512
1513
1514
1515
1516
1517
1518
1519
1523
1524
1526
1527
1528
1529
1530
1532
1534
1535
1537
1539
1540
1542
1545
1546
1547
1548
1549
1550
1552
1553
1555
1556
1557
1559
1560
1561
1562
1563
1564
1566
1568
1570
1571
1572
1574
1575
1576
1577
1578
1579
1580
1581
1582
1583
1584
1585
1587
1589
1590
1591
1593
1594
1596
1597
1599
1600
1601
1602
1604
1606
1607
1608
1609
1610
1611
1612
1613
1614
1615
1616
1617
1618
1619
1620
1621
1622
1623
1624
1627
1628
1629
1630
1631
1634
1635
1636
1638
1639
1641
1644
1645
1646
1648
1649
1651
1652
1653
1654
1655
1656
1657
1659
1660
1661
1663
1664
1666
1667
1668
1669
1670
1671
1672
1673
1674
1675
1676
1677
1678
1679
1681
1682
1683
1684
1685
1686
1687
1688
1689
1690
1691
1693
1694
1695
1696
1697
1699
1700
1702
1703
1704
1705
1706
1708
1709
1710
1711
1714
1715
1717
1718
1719
1720
1722
1723
1724
1727
1728
1730
1731
1732
1733
1734
1736
1737
1739
1740
1742
1743
1746
1747
1750
1751
1752
1753
1754
1755
1756
1757
1758
1759
1761
1763
1764
1765
1766
1769
1770
1772
1773
1774
1776
1777
1780
1781
1784
1785
1786
1787
1788
1789
1790
1791
1795
1797
1798
1799
1800
1801
1802
1803
1804
1805
1806
1807
1808
1811
1812
1813
1814
1815
1816
1817
1818
1819
1820
1821
1822
1823
1825
1826
1827
1828
1829
1831
1832
1833
1835
1836
1837
1838
1839
1841
1842
1843
1845
1846
1847
1848
1849
1850
1851
1852
1853
1854
1856
1857
1858
1859
1860
1861
1862
1863
1864
1865
1866
1867
1868
1869
1870
1871
1872
1873
1875
1877
1879
1880
1881
1882
1883
1884
1885
1886
1887
1888
1890
1891
1892
1893
1894
1895
1896
1897
1899
1900
1902
1905
1906
1907
1909
1910
1911
1913
1916
1917
1918
1919
1921
1922
1923
1924
1925
1926
1927
1928
1929
1930
1931
1934
1935
1937
1938
1939
1940
1943
1944
1945
1946
1947
1948
1952
1953
1954
1955
1956
1957
1958
1959
1960
1964
1965
1966
1967
1968
1969
1971
1972
1973
1974
1977
1978
1980
1983
1984
1986
1987
1988
1991
1993
1994
1995
1996
1997
1998
1999
2001
2003
2004
2007
2008
2009
2010
2012
2013
2014
2015
2017
2018
2019
2020
2021
2023
2024
2026
2027
2028
2031
2032
2033
2034
2036
2037
2038
2039
2040
2041
2042
2043
2044
2045
2046
2048
2049
2050
2051
2053
2055
2058
2060
2062
2063
2064
2065
2066
2067
2068
2069
2070
2071
2072
2074
2075
2078
2079
2080
2081
2082
2083
2084
2085
2086
2087
2088
2089
2090
2091
2093
2094
2097
2098
2099
2101
2102
2103
2104
2106
2107
2108
2109
2110
2111
2112
2113
2115
2117
2118
2121
2122
2124
2126
2127
2128
2129
2130
2133
2134
2135
2136
2137
2138
2139
2142
2143
2144
2145
2146
2147
2149
2151
2152
2153
2154
2155
2156
2157
2158
2159
2160
2161
2162
2163
2165
2167
2168
2172
2174
2175
2176
2177
2178
2179
2180
2181
2182
2183
2184
2185
2186
2190
2191
2193
2194
2195
2196
2198
2199
2200
2201
2202
2203
2205
2206
2207
2209
2210
2211
2215
2216
2217
2218
2219
2220
2221
2222
2223
2224
2225
2226
2227
2228
2229
2230
2231
2233
2234
2237
2238
2239
2240
2241
2242
2243
2244
2245
2248
2249
2250
2252
2253
2254
2255
2258
2260
2261
2263
2264
2266
2267
2268
2269
2270
2272
2273
2274
2275
2276
2277
2278
2280
2281
2282
2283
2284
2285
2286
2287
2288
2289
2290
2292
2293
2294
2295
2296
2297
2298
2299
2300
2301
2302
2304
2305
2306
2308
2309
2310
2311
2312
2313
2315
2316
2317
2318
2319
2321
2322
2323
2326
2327
2328
2332
2333
2334
2335
2336
2337
2338
2339
2340
2341
2342
2343
2344
2345
2346
2347
2348
2350
2351
2352
2353
2354
2356
2357
2358
2359
2360
2361
2362
2366
2367
2368
2369
2370
2371
2372
2373
2374
2376
2377
2378
2379
2382
2383
2384
2385
2386
2387
2388
2389
2390
2391
2393
2394
2395
2396
2398
2399
2400
2402
2403
2404
2405
2406
2407
2408
2409
2410
2411
2412
2415
2416
2417
2418
2420
2421
2422
2423
2424
2426
2428
2429
2430
2433
2434
2436
2437
2438
2439
2440
2441
2442
2443
2444
2445
2446
2447
2448
2450
2451
2452
2453
2454
2455
2456
2457
2459
2461
2462
2465
2466
2467
2468
2469
2470
2473
2474
2475
2476
2477
2478
2479
2480
2481
2484
2486
2487
2488
2490
2491
2492
2493
2494
2495
2496
2497
2498
2500
2501
2502
2503
2504
2505
2507
2508
2509
2511
2512
2514
2515
2517
2518
2520
2521
2522
2523
2524
2525
2526
2527
2528
2529
2530
2531
2532
2533
2534
2535
2536
2537
2538
2539
2540
2541
2542
2544
2547
2549
2551
2553
2559
2560
2561
2564
2567
2568
2569
2570
2571
2572
2573
2575
2576
2577
2579
2580
2582
2584
2585
2586
2587
2588
2589
2591
2593
2595
2596
2597
2599
2601
2602
2603
2604
2605
2606
2607
2610
2611
2612
2613
2614
2615
2616
2617
2618
2619
2620
2621
2622
2625
2626
2627
2628
2629
2630
2632
2634
2637
2638
2639
2641
2642
2643
2644
2646
2647
2648
2649
2650
2651
2652
2653
2654
2655
2656
2657
2658
2659
2660
2661
2662
2663
2664
2667
2668
2669
2670
2671
2672
2674
2675
2676
2677
2678
2680
2682
2684
2685
2688
2689
2690
2691
2692
2693
2694
2695
2697
2698
2699
2701
2702
2704
2706
2707
2708
2709
2710
2712
2714
2715
2716
2717
2720
2721
2722
2724
2725
2726
2727
2728
2729
2730
2732
2733
2734
2736
2737
2738
2739
2740
2741
2742
2743
2744
2745
2746
2747
2748
2749
2751
2752
2754
2755
2756
2757
2759
2761
2762
2764
2766
2767
2768
2769
2770
2771
2772
2776
2777
2778
2779
2780
2782
2783
2785
2787
2788
2789
2790
2791
2792
2794
2795
2796
2798
2801
2802
2803
2805
2806
2807
2808
2809
2811
2812
2814
2816
2817
2818
2819
2820
2821
2822
2823
2824
2826
2827
2828
2829
2830
2831
2832
2833
2834
2836
2837
2838
2841
2842
2844
2845
2846
2847
2848
2850
2851
2853
2854
2856
2857
2858
2859
2860
2861
2862
2865
2866
2867
2868
2869
2870
2871
2872
2873
2874
2875
2877
2879
2880
2881
2882
2883
2884
2885
2886
2887
2888
2890
2893
2894
2895
2896
2898
2899
2900
2901
2903
2904
2907
2909
2911
2912
2913
2915
2917
2918
2919
2920
2921
2922
2924
2925
2926
2927
2928
2931
2932
2935
2936
2937
2940
2942
2943
2945
2947
2948
2949
2950
2953
2954
2956
2958
2960
2961
2963
2965
2966
2967
2968
2969
2970
2972
2973
2974
2975
2976
2977
2979
2981
2983
2985
2989
2990
2991
2992
2993
2994
2995
2996
2997
2998
2999
3000
3001
3003
3006
3007
3008
3010
3011
3012
3013
3014
3016
3018
3022
3023
3024
3025
3026
3028
3029
3030
3032
3035
3037
3039
3040
3045
3046
3047
3049
3050
3051
3053
3054
3056
3057
3059
3063
3064
3066
3068
3069
3071
3072
3073
3074
3075
3078
3079
3080
3081
3082
3083
3084
3086
3088
3089
3090
3091
3095
3096
3097
3098
3099
3100
3101
3103
3104
3105
3106
3107
3108
3110
3111
3114
3116
3118
3119
3120
3121
3122
3123
3124
3125
3126
3127
3128
3129
3130
3131
3132
3133
3134
3137
3138
3139
3140
3141
3142
3143
3145
3146
3148
3150
3151
3153
3154
3155
3156
3157
3158
3159
3160
3162
3164
3165
3167
3168
3170
3171
3173
3174
3175
3176
3177
3178
3179
3180
3181
3182
3183
3184
3185
3186
3187
3188
3190
3191
3193
3194
3195
3196
3197
3198
3199
3200
3201
3202
3203
3204
3205
3206
3211
3212
3213
3215
3216
3218
3221
3222
3223
3225
3226
3228
3229
3231
3232
3233
3234
3235
3236
3237
3238
3239
3240
3241
3242
3243
3244
3246
3247
3248
3249
3250
3254
3255
3256
3257
3258
3261
3262
3265
3268
3269
3270
3272
3273
3274
3275
3276
3277
3278
3279
3280
3281
3284
3285
3286
3287
3288
3289
3290
3291
3292
3293
3294
3295
3296
3297
3298
3299
3300
3302
3303
3304
3307
3308
3309
3311
3312
3314
3315
3318
3319
3320
3322
3323
3325
3327
3328
3329
3330
3331
3332
3333
3334
3337
3340
3341
3343
3345
3346
3347
3349
3350
3351
3354
3355
3359
3360
3361
3363
3364
3365
3366
3367
3371
3372
3373
3374
3375
3376
3377
3379
3382
3383
3384
3385
3386
3387
3388
3389
3391
3392
3393
3394
3395
3396
3397
3398
3400
3401
3403
3404
3405
3406
3407
3411
3412
3417
3419
3420
3421
3424
3425
3426
3427
3428
3429
3430
3431
3432
3433
3434
3435
3437
3438
3439
3440
3441
3442
3443
3444
3445
3446
3447
3448
3449
3450
3451
3453
3454
3455
3456
3457
3458
3459
3460
3461
3462
3463
3464
3466
3468
3469
3473
3474
3476
3477
3480
3482
3483
3486
3487
3489
3490
3492
3493
3494
3495
3496
3497
3498
3499
3500
3501
3502
3503
3504
3505
3507
3508
3510
3511
3512
3513
3514
3516
3517
3518
3519
3521
3522
3523
3524
3527
3528
3529
3534
3535
3536
3538
3539
3540
3542
3543
3546
3547
3549
3552
3553
3554
3556
3557
3558
3559
3560
3561
3562
3563
3564
3565
3566
3568
3569
3570
3571
3572
3575
3576
3577
3581
3583
3586
3588
3589
3591
3592
3593
3594
3595
3597
3598
3599
3600
3603
3604
3605
3606
3607
3608
3609
3614
3615
3617
3620
3622
3624
3625
3626
3627
3628
3629
3630
3633
3635
3636
3638
3639
3641
3643
3644
3645
3646
3647
3649
3650
3651
3653
3654
3656
3657
3658
3659
3660
3661
3663
3665
3667
3668
3670
3672
3673
3674
3675
3676
3677
3681
3682
3683
3684
3685
3686
3687
3688
3689
3691
3692
3693
3694
3695
3696
3697
3698
3699
3700
3701
3703
3704
3705
3706
3709
3711
3712
3713
3714
3716
3717
3718
3719
3720
3721
3723
3725
3726
3727
3728
3729
3731
3733
3735
3736
3738
3739
3740
3744
3745
3746
3748
3749
3750
3751
3752
3753
3754
3756
3758
3759
3760
3761
3762
3765
3767
3768
3770
3771
3773
3774
3777
3778
3779
3780
3782
3788
3791
3792
3793
3795
3796
3798
3801
3802
3803
3804
3805
3806
3807
3808
3812
3814
3815
3816
3818
3820
3821
3822
3823
3824
3825
3826
3827
3828
3829
3830
3831
3832
3833
3834
3836
3837
3838
3839
3840
3841
3842
3843
3844
3846
3847
3849
3850
3851
3853
3855
3856
3858
3859
3860
3863
3865
3867
3868
3869
3870
3871
3872
3873
3874
3875
3877
3878
3879
3881
3882
3885
3888
3889
3890
3891
3892
3894
3895
3896
3897
3898
3899
3901
3902
3903
3905
3907
3909
3912
3913
3914
3915
3916
3917
3919
3921
3922
3923
3924
3927
3928
3929
3930
3931
3932
3933
3934
3935
3936
3939
3940
3942
3943
3944
3945
3946
3948
3951
3952
3953
3954
3955
3956
3959
3962
3963
3964
3965
3966
3967
3968
3969
3970
3972
3973
3976
3977
3978
3982
3983
3984
3985
3986
3988
3989
3990
3991
3992
3994
3995
3996
3998
3999
4000
4001
4002
4003
4004
4005
4007
4008
4009
4010
4011
4012
4013
4014
4015
4017
4018
4019
4020
4021
4022
4023
4024
4026
4027
4028
4029
4030
4031
4032
4033
4034
4035
4036
4037
4039
4040
4041
4042
4043
4044
4045
4048
4050
4051
4052
4053
4054
4055
4056
4059
4060
4061
4062
4064
4065
4067
4068
4069
4070
4071
4072
4075
4076
4077
4079
4080
4084
4085
4087
4088
4089
4092
4093
4095
4096
4098
4099
4100
4101
4102
4103
4104
4105
4106
4107
4109
4110
4111
4112
4113
4115
4116
4117
4118
4119
4120
4122
4123
4124
4125
4128
4129
4130
4131
4133
4134
4135
4140
4141
4143
4144
4148
4149
4150
4151
4152
4153
4156
4157
4158
4159
4160
4161
4162
4164
4165
4166
4167
4168
4169
4170
4171
4172
4174
4175
4176
4177
4179
4180
4181
4182
4183
4184
4185
4186
4187
4188
4189
4191
4192
4193
4194
4198
4199
4200
4202
4203
4204
4205
4206
4207
4208
4209
4211
4212
4213
4214
4215
4217
4219
4222
4224
4225
4226
4227
4228
4229
4230
4231
4232
4234
4235
4236
4238
4239
4240
4241
4242
4243
4244
4246
4247
4248
4249
4250
4251
4252
4253
4255
4256
4257
4259
4260
4261
4262
4264
4265
4267
4269
4271
4273
4274
4275
4276
4277
4278
4279
4280
4281
4282
4283
4284
4285
4286
4287
4288
4289
4290
4292
4296
4297
4299
4300
4301
4302
4303
4305
4308
4309
4310
4313
4314
4315
4317
4318
4319
4320
4321
4322
4324
4325
4327
4329
4330
4333
4334
4337
4338
4340
4341
4344
4345
4346
4347
4348
4351
4353
4354
4356
4357
4358
4360
4361
4362
4364
4366
4368
4370
4371
4372
4373
4374
4375
4376
4378
4380
4381
4383
4384
4385
4386
4387
4389
4391
4392
4393
4394
4395
4396
4397
4398
4399
4400
4401
4403
4404
4405
4406
4407
4408
4410
4411
4413
4414
4415
4417
4418
4420
4421
4422
4423
4424
4425
4426
4428
4429
4431
4432
4433
4434
4435
4436
4437
4438
4441
4442
4443
4444
4445
4446
4448
4449
4450
4454
4455
4456
4457
4458
4459
4460
4462
4463
4464
4465
4466
4467
4468
4469
4470
4471
4472
4473
4475
4476
4477
4478
4479
4481
4482
4484
4485
4486
4487
4488
4489
4491
4492
4493
4495
4496
4497
4499
4500
4502
4503
4504
4505
4506
4507
4508
4509
4510
4511
4512
4513
4514
4515
4517
4518
4519
4520
4521
4522
4523
4524
4525
4527
4528
4529
4531
4532
4533
4534
4535
4537
4540
4541
4542
4543
4544
4545
4546
4549
4550
4551
4552
4553
4554
4556
4558
4561
4562
4563
4564
4565
4566
4568
4571
4573
4574
4575
4576
4578
4579
4580
4581
4582
4583
4584
4587
4588
4589
4591
4592
4594
4596
4597
4598
4599
4600
4601
